10
20.25 0.0 0.0
22.25 0.0 0.0
24.25 0.0 0.0
26.25 0.0 0.0
28.25 0.0 0.0
20.25 2.0 0.0
22.25 2.0 0.0
24.25 2.0 0.0
26.25 2.0 0.0
28.25 2.0 0.0
20.25 4.0 0.0
22.25 4.0 0.0
24.25 4.0 0.0
26.25 4.0 0.0
28.25 4.0 0.0
20.25 6.0 0.0
22.25 6.0 0.0
24.25 6.0 0.0
26.25 6.0 0.0
28.25 6.0 0.0
20.25 8.0 0.0
22.25 8.0 0.0
24.25 8.0 0.0
26.25 8.0 0.0
28.25 8.0 0.0
20.25 0.0 2.0
22.25 0.0 2.0
24.25 0.0 2.0
26.25 0.0 2.0
28.25 0.0 2.0
20.25 2.0 2.0
22.25 2.0 2.0
24.25 2.0 2.0
26.25 2.0 2.0
28.25 2.0 2.0
20.25 4.0 2.0
22.25 4.0 2.0
24.25 4.0 2.0
26.25 4.0 2.0
28.25 4.0 2.0
20.25 6.0 2.0
22.25 6.0 2.0
24.25 6.0 2.0
26.25 6.0 2.0
28.25 6.0 2.0
20.25 8.0 2.0
22.25 8.0 2.0
24.25 8.0 2.0
26.25 8.0 2.0
28.25 8.0 2.0