1000
20.25 0.0 0.0
22.25 0.0 0.0
24.25 0.0 0.0
26.25 0.0 0.0
28.25 0.0 0.0
30.25 0.0 0.0
32.25 0.0 0.0
34.25 0.0 0.0
36.25 0.0 0.0
38.25 0.0 0.0
20.25 2.0 0.0
22.25 2.0 0.0
24.25 2.0 0.0
26.25 2.0 0.0
28.25 2.0 0.0
30.25 2.0 0.0
32.25 2.0 0.0
34.25 2.0 0.0
36.25 2.0 0.0
38.25 2.0 0.0
20.25 4.0 0.0
22.25 4.0 0.0
24.25 4.0 0.0
26.25 4.0 0.0
28.25 4.0 0.0
30.25 4.0 0.0
32.25 4.0 0.0
34.25 4.0 0.0
36.25 4.0 0.0
38.25 4.0 0.0
20.25 6.0 0.0
22.25 6.0 0.0
24.25 6.0 0.0
26.25 6.0 0.0
28.25 6.0 0.0
30.25 6.0 0.0
32.25 6.0 0.0
34.25 6.0 0.0
36.25 6.0 0.0
38.25 6.0 0.0
20.25 8.0 0.0
22.25 8.0 0.0
24.25 8.0 0.0
26.25 8.0 0.0
28.25 8.0 0.0
30.25 8.0 0.0
32.25 8.0 0.0
34.25 8.0 0.0
36.25 8.0 0.0
38.25 8.0 0.0
20.25 10.0 0.0
22.25 10.0 0.0
24.25 10.0 0.0
26.25 10.0 0.0
28.25 10.0 0.0
30.25 10.0 0.0
32.25 10.0 0.0
34.25 10.0 0.0
36.25 10.0 0.0
38.25 10.0 0.0
20.25 12.0 0.0
22.25 12.0 0.0
24.25 12.0 0.0
26.25 12.0 0.0
28.25 12.0 0.0
30.25 12.0 0.0
32.25 12.0 0.0
34.25 12.0 0.0
36.25 12.0 0.0
38.25 12.0 0.0
20.25 14.0 0.0
22.25 14.0 0.0
24.25 14.0 0.0
26.25 14.0 0.0
28.25 14.0 0.0
30.25 14.0 0.0
32.25 14.0 0.0
34.25 14.0 0.0
36.25 14.0 0.0
38.25 14.0 0.0
20.25 16.0 0.0
22.25 16.0 0.0
24.25 16.0 0.0
26.25 16.0 0.0
28.25 16.0 0.0
30.25 16.0 0.0
32.25 16.0 0.0
34.25 16.0 0.0
36.25 16.0 0.0
38.25 16.0 0.0
20.25 18.0 0.0
22.25 18.0 0.0
24.25 18.0 0.0
26.25 18.0 0.0
28.25 18.0 0.0
30.25 18.0 0.0
32.25 18.0 0.0
34.25 18.0 0.0
36.25 18.0 0.0
38.25 18.0 0.0
20.25 0.0 2.0
22.25 0.0 2.0
24.25 0.0 2.0
26.25 0.0 2.0
28.25 0.0 2.0
30.25 0.0 2.0
32.25 0.0 2.0
34.25 0.0 2.0
36.25 0.0 2.0
38.25 0.0 2.0
20.25 2.0 2.0
22.25 2.0 2.0
24.25 2.0 2.0
26.25 2.0 2.0
28.25 2.0 2.0
30.25 2.0 2.0
32.25 2.0 2.0
34.25 2.0 2.0
36.25 2.0 2.0
38.25 2.0 2.0
20.25 4.0 2.0
22.25 4.0 2.0
24.25 4.0 2.0
26.25 4.0 2.0
28.25 4.0 2.0
30.25 4.0 2.0
32.25 4.0 2.0
34.25 4.0 2.0
36.25 4.0 2.0
38.25 4.0 2.0
20.25 6.0 2.0
22.25 6.0 2.0
24.25 6.0 2.0
26.25 6.0 2.0
28.25 6.0 2.0
30.25 6.0 2.0
32.25 6.0 2.0
34.25 6.0 2.0
36.25 6.0 2.0
38.25 6.0 2.0
20.25 8.0 2.0
22.25 8.0 2.0
24.25 8.0 2.0
26.25 8.0 2.0
28.25 8.0 2.0
30.25 8.0 2.0
32.25 8.0 2.0
34.25 8.0 2.0
36.25 8.0 2.0
38.25 8.0 2.0
20.25 10.0 2.0
22.25 10.0 2.0
24.25 10.0 2.0
26.25 10.0 2.0
28.25 10.0 2.0
30.25 10.0 2.0
32.25 10.0 2.0
34.25 10.0 2.0
36.25 10.0 2.0
38.25 10.0 2.0
20.25 12.0 2.0
22.25 12.0 2.0
24.25 12.0 2.0
26.25 12.0 2.0
28.25 12.0 2.0
30.25 12.0 2.0
32.25 12.0 2.0
34.25 12.0 2.0
36.25 12.0 2.0
38.25 12.0 2.0
20.25 14.0 2.0
22.25 14.0 2.0
24.25 14.0 2.0
26.25 14.0 2.0
28.25 14.0 2.0
30.25 14.0 2.0
32.25 14.0 2.0
34.25 14.0 2.0
36.25 14.0 2.0
38.25 14.0 2.0
20.25 16.0 2.0
22.25 16.0 2.0
24.25 16.0 2.0
26.25 16.0 2.0
28.25 16.0 2.0
30.25 16.0 2.0
32.25 16.0 2.0
34.25 16.0 2.0
36.25 16.0 2.0
38.25 16.0 2.0
20.25 18.0 2.0
22.25 18.0 2.0
24.25 18.0 2.0
26.25 18.0 2.0
28.25 18.0 2.0
30.25 18.0 2.0
32.25 18.0 2.0
34.25 18.0 2.0
36.25 18.0 2.0
38.25 18.0 2.0
20.25 0.0 4.0
22.25 0.0 4.0
24.25 0.0 4.0
26.25 0.0 4.0
28.25 0.0 4.0
30.25 0.0 4.0
32.25 0.0 4.0
34.25 0.0 4.0
36.25 0.0 4.0
38.25 0.0 4.0
20.25 2.0 4.0
22.25 2.0 4.0
24.25 2.0 4.0
26.25 2.0 4.0
28.25 2.0 4.0
30.25 2.0 4.0
32.25 2.0 4.0
34.25 2.0 4.0
36.25 2.0 4.0
38.25 2.0 4.0
20.25 4.0 4.0
22.25 4.0 4.0
24.25 4.0 4.0
26.25 4.0 4.0
28.25 4.0 4.0
30.25 4.0 4.0
32.25 4.0 4.0
34.25 4.0 4.0
36.25 4.0 4.0
38.25 4.0 4.0
20.25 6.0 4.0
22.25 6.0 4.0
24.25 6.0 4.0
26.25 6.0 4.0
28.25 6.0 4.0
30.25 6.0 4.0
32.25 6.0 4.0
34.25 6.0 4.0
36.25 6.0 4.0
38.25 6.0 4.0
20.25 8.0 4.0
22.25 8.0 4.0
24.25 8.0 4.0
26.25 8.0 4.0
28.25 8.0 4.0
30.25 8.0 4.0
32.25 8.0 4.0
34.25 8.0 4.0
36.25 8.0 4.0
38.25 8.0 4.0
20.25 10.0 4.0
22.25 10.0 4.0
24.25 10.0 4.0
26.25 10.0 4.0
28.25 10.0 4.0
30.25 10.0 4.0
32.25 10.0 4.0
34.25 10.0 4.0
36.25 10.0 4.0
38.25 10.0 4.0
20.25 12.0 4.0
22.25 12.0 4.0
24.25 12.0 4.0
26.25 12.0 4.0
28.25 12.0 4.0
30.25 12.0 4.0
32.25 12.0 4.0
34.25 12.0 4.0
36.25 12.0 4.0
38.25 12.0 4.0
20.25 14.0 4.0
22.25 14.0 4.0
24.25 14.0 4.0
26.25 14.0 4.0
28.25 14.0 4.0
30.25 14.0 4.0
32.25 14.0 4.0
34.25 14.0 4.0
36.25 14.0 4.0
38.25 14.0 4.0
20.25 16.0 4.0
22.25 16.0 4.0
24.25 16.0 4.0
26.25 16.0 4.0
28.25 16.0 4.0
30.25 16.0 4.0
32.25 16.0 4.0
34.25 16.0 4.0
36.25 16.0 4.0
38.25 16.0 4.0
20.25 18.0 4.0
22.25 18.0 4.0
24.25 18.0 4.0
26.25 18.0 4.0
28.25 18.0 4.0
30.25 18.0 4.0
32.25 18.0 4.0
34.25 18.0 4.0
36.25 18.0 4.0
38.25 18.0 4.0
20.25 0.0 6.0
22.25 0.0 6.0
24.25 0.0 6.0
26.25 0.0 6.0
28.25 0.0 6.0
30.25 0.0 6.0
32.25 0.0 6.0
34.25 0.0 6.0
36.25 0.0 6.0
38.25 0.0 6.0
20.25 2.0 6.0
22.25 2.0 6.0
24.25 2.0 6.0
26.25 2.0 6.0
28.25 2.0 6.0
30.25 2.0 6.0
32.25 2.0 6.0
34.25 2.0 6.0
36.25 2.0 6.0
38.25 2.0 6.0
20.25 4.0 6.0
22.25 4.0 6.0
24.25 4.0 6.0
26.25 4.0 6.0
28.25 4.0 6.0
30.25 4.0 6.0
32.25 4.0 6.0
34.25 4.0 6.0
36.25 4.0 6.0
38.25 4.0 6.0
20.25 6.0 6.0
22.25 6.0 6.0
24.25 6.0 6.0
26.25 6.0 6.0
28.25 6.0 6.0
30.25 6.0 6.0
32.25 6.0 6.0
34.25 6.0 6.0
36.25 6.0 6.0
38.25 6.0 6.0
20.25 8.0 6.0
22.25 8.0 6.0
24.25 8.0 6.0
26.25 8.0 6.0
28.25 8.0 6.0
30.25 8.0 6.0
32.25 8.0 6.0
34.25 8.0 6.0
36.25 8.0 6.0
38.25 8.0 6.0
20.25 10.0 6.0
22.25 10.0 6.0
24.25 10.0 6.0
26.25 10.0 6.0
28.25 10.0 6.0
30.25 10.0 6.0
32.25 10.0 6.0
34.25 10.0 6.0
36.25 10.0 6.0
38.25 10.0 6.0
20.25 12.0 6.0
22.25 12.0 6.0
24.25 12.0 6.0
26.25 12.0 6.0
28.25 12.0 6.0
30.25 12.0 6.0
32.25 12.0 6.0
34.25 12.0 6.0
36.25 12.0 6.0
38.25 12.0 6.0
20.25 14.0 6.0
22.25 14.0 6.0
24.25 14.0 6.0
26.25 14.0 6.0
28.25 14.0 6.0
30.25 14.0 6.0
32.25 14.0 6.0
34.25 14.0 6.0
36.25 14.0 6.0
38.25 14.0 6.0
20.25 16.0 6.0
22.25 16.0 6.0
24.25 16.0 6.0
26.25 16.0 6.0
28.25 16.0 6.0
30.25 16.0 6.0
32.25 16.0 6.0
34.25 16.0 6.0
36.25 16.0 6.0
38.25 16.0 6.0
20.25 18.0 6.0
22.25 18.0 6.0
24.25 18.0 6.0
26.25 18.0 6.0
28.25 18.0 6.0
30.25 18.0 6.0
32.25 18.0 6.0
34.25 18.0 6.0
36.25 18.0 6.0
38.25 18.0 6.0
20.25 0.0 8.0
22.25 0.0 8.0
24.25 0.0 8.0
26.25 0.0 8.0
28.25 0.0 8.0
30.25 0.0 8.0
32.25 0.0 8.0
34.25 0.0 8.0
36.25 0.0 8.0
38.25 0.0 8.0
20.25 2.0 8.0
22.25 2.0 8.0
24.25 2.0 8.0
26.25 2.0 8.0
28.25 2.0 8.0
30.25 2.0 8.0
32.25 2.0 8.0
34.25 2.0 8.0
36.25 2.0 8.0
38.25 2.0 8.0
20.25 4.0 8.0
22.25 4.0 8.0
24.25 4.0 8.0
26.25 4.0 8.0
28.25 4.0 8.0
30.25 4.0 8.0
32.25 4.0 8.0
34.25 4.0 8.0
36.25 4.0 8.0
38.25 4.0 8.0
20.25 6.0 8.0
22.25 6.0 8.0
24.25 6.0 8.0
26.25 6.0 8.0
28.25 6.0 8.0
30.25 6.0 8.0
32.25 6.0 8.0
34.25 6.0 8.0
36.25 6.0 8.0
38.25 6.0 8.0
20.25 8.0 8.0
22.25 8.0 8.0
24.25 8.0 8.0
26.25 8.0 8.0
28.25 8.0 8.0
30.25 8.0 8.0
32.25 8.0 8.0
34.25 8.0 8.0
36.25 8.0 8.0
38.25 8.0 8.0
20.25 10.0 8.0
22.25 10.0 8.0
24.25 10.0 8.0
26.25 10.0 8.0
28.25 10.0 8.0
30.25 10.0 8.0
32.25 10.0 8.0
34.25 10.0 8.0
36.25 10.0 8.0
38.25 10.0 8.0
20.25 12.0 8.0
22.25 12.0 8.0
24.25 12.0 8.0
26.25 12.0 8.0
28.25 12.0 8.0
30.25 12.0 8.0
32.25 12.0 8.0
34.25 12.0 8.0
36.25 12.0 8.0
38.25 12.0 8.0
20.25 14.0 8.0
22.25 14.0 8.0
24.25 14.0 8.0
26.25 14.0 8.0
28.25 14.0 8.0
30.25 14.0 8.0
32.25 14.0 8.0
34.25 14.0 8.0
36.25 14.0 8.0
38.25 14.0 8.0
20.25 16.0 8.0
22.25 16.0 8.0
24.25 16.0 8.0
26.25 16.0 8.0
28.25 16.0 8.0
30.25 16.0 8.0
32.25 16.0 8.0
34.25 16.0 8.0
36.25 16.0 8.0
38.25 16.0 8.0
20.25 18.0 8.0
22.25 18.0 8.0
24.25 18.0 8.0
26.25 18.0 8.0
28.25 18.0 8.0
30.25 18.0 8.0
32.25 18.0 8.0
34.25 18.0 8.0
36.25 18.0 8.0
38.25 18.0 8.0
20.25 0.0 10.0
22.25 0.0 10.0
24.25 0.0 10.0
26.25 0.0 10.0
28.25 0.0 10.0
30.25 0.0 10.0
32.25 0.0 10.0
34.25 0.0 10.0
36.25 0.0 10.0
38.25 0.0 10.0
20.25 2.0 10.0
22.25 2.0 10.0
24.25 2.0 10.0
26.25 2.0 10.0
28.25 2.0 10.0
30.25 2.0 10.0
32.25 2.0 10.0
34.25 2.0 10.0
36.25 2.0 10.0
38.25 2.0 10.0
20.25 4.0 10.0
22.25 4.0 10.0
24.25 4.0 10.0
26.25 4.0 10.0
28.25 4.0 10.0
30.25 4.0 10.0
32.25 4.0 10.0
34.25 4.0 10.0
36.25 4.0 10.0
38.25 4.0 10.0
20.25 6.0 10.0
22.25 6.0 10.0
24.25 6.0 10.0
26.25 6.0 10.0
28.25 6.0 10.0
30.25 6.0 10.0
32.25 6.0 10.0
34.25 6.0 10.0
36.25 6.0 10.0
38.25 6.0 10.0
20.25 8.0 10.0
22.25 8.0 10.0
24.25 8.0 10.0
26.25 8.0 10.0
28.25 8.0 10.0
30.25 8.0 10.0
32.25 8.0 10.0
34.25 8.0 10.0
36.25 8.0 10.0
38.25 8.0 10.0
20.25 10.0 10.0
22.25 10.0 10.0
24.25 10.0 10.0
26.25 10.0 10.0
28.25 10.0 10.0
30.25 10.0 10.0
32.25 10.0 10.0
34.25 10.0 10.0
36.25 10.0 10.0
38.25 10.0 10.0
20.25 12.0 10.0
22.25 12.0 10.0
24.25 12.0 10.0
26.25 12.0 10.0
28.25 12.0 10.0
30.25 12.0 10.0
32.25 12.0 10.0
34.25 12.0 10.0
36.25 12.0 10.0
38.25 12.0 10.0
20.25 14.0 10.0
22.25 14.0 10.0
24.25 14.0 10.0
26.25 14.0 10.0
28.25 14.0 10.0
30.25 14.0 10.0
32.25 14.0 10.0
34.25 14.0 10.0
36.25 14.0 10.0
38.25 14.0 10.0
20.25 16.0 10.0
22.25 16.0 10.0
24.25 16.0 10.0
26.25 16.0 10.0
28.25 16.0 10.0
30.25 16.0 10.0
32.25 16.0 10.0
34.25 16.0 10.0
36.25 16.0 10.0
38.25 16.0 10.0
20.25 18.0 10.0
22.25 18.0 10.0
24.25 18.0 10.0
26.25 18.0 10.0
28.25 18.0 10.0
30.25 18.0 10.0
32.25 18.0 10.0
34.25 18.0 10.0
36.25 18.0 10.0
38.25 18.0 10.0
20.25 0.0 12.0
22.25 0.0 12.0
24.25 0.0 12.0
26.25 0.0 12.0
28.25 0.0 12.0
30.25 0.0 12.0
32.25 0.0 12.0
34.25 0.0 12.0
36.25 0.0 12.0
38.25 0.0 12.0
20.25 2.0 12.0
22.25 2.0 12.0
24.25 2.0 12.0
26.25 2.0 12.0
28.25 2.0 12.0
30.25 2.0 12.0
32.25 2.0 12.0
34.25 2.0 12.0
36.25 2.0 12.0
38.25 2.0 12.0
20.25 4.0 12.0
22.25 4.0 12.0
24.25 4.0 12.0
26.25 4.0 12.0
28.25 4.0 12.0
30.25 4.0 12.0
32.25 4.0 12.0
34.25 4.0 12.0
36.25 4.0 12.0
38.25 4.0 12.0
20.25 6.0 12.0
22.25 6.0 12.0
24.25 6.0 12.0
26.25 6.0 12.0
28.25 6.0 12.0
30.25 6.0 12.0
32.25 6.0 12.0
34.25 6.0 12.0
36.25 6.0 12.0
38.25 6.0 12.0
20.25 8.0 12.0
22.25 8.0 12.0
24.25 8.0 12.0
26.25 8.0 12.0
28.25 8.0 12.0
30.25 8.0 12.0
32.25 8.0 12.0
34.25 8.0 12.0
36.25 8.0 12.0
38.25 8.0 12.0
20.25 10.0 12.0
22.25 10.0 12.0
24.25 10.0 12.0
26.25 10.0 12.0
28.25 10.0 12.0
30.25 10.0 12.0
32.25 10.0 12.0
34.25 10.0 12.0
36.25 10.0 12.0
38.25 10.0 12.0
20.25 12.0 12.0
22.25 12.0 12.0
24.25 12.0 12.0
26.25 12.0 12.0
28.25 12.0 12.0
30.25 12.0 12.0
32.25 12.0 12.0
34.25 12.0 12.0
36.25 12.0 12.0
38.25 12.0 12.0
20.25 14.0 12.0
22.25 14.0 12.0
24.25 14.0 12.0
26.25 14.0 12.0
28.25 14.0 12.0
30.25 14.0 12.0
32.25 14.0 12.0
34.25 14.0 12.0
36.25 14.0 12.0
38.25 14.0 12.0
20.25 16.0 12.0
22.25 16.0 12.0
24.25 16.0 12.0
26.25 16.0 12.0
28.25 16.0 12.0
30.25 16.0 12.0
32.25 16.0 12.0
34.25 16.0 12.0
36.25 16.0 12.0
38.25 16.0 12.0
20.25 18.0 12.0
22.25 18.0 12.0
24.25 18.0 12.0
26.25 18.0 12.0
28.25 18.0 12.0
30.25 18.0 12.0
32.25 18.0 12.0
34.25 18.0 12.0
36.25 18.0 12.0
38.25 18.0 12.0
20.25 0.0 14.0
22.25 0.0 14.0
24.25 0.0 14.0
26.25 0.0 14.0
28.25 0.0 14.0
30.25 0.0 14.0
32.25 0.0 14.0
34.25 0.0 14.0
36.25 0.0 14.0
38.25 0.0 14.0
20.25 2.0 14.0
22.25 2.0 14.0
24.25 2.0 14.0
26.25 2.0 14.0
28.25 2.0 14.0
30.25 2.0 14.0
32.25 2.0 14.0
34.25 2.0 14.0
36.25 2.0 14.0
38.25 2.0 14.0
20.25 4.0 14.0
22.25 4.0 14.0
24.25 4.0 14.0
26.25 4.0 14.0
28.25 4.0 14.0
30.25 4.0 14.0
32.25 4.0 14.0
34.25 4.0 14.0
36.25 4.0 14.0
38.25 4.0 14.0
20.25 6.0 14.0
22.25 6.0 14.0
24.25 6.0 14.0
26.25 6.0 14.0
28.25 6.0 14.0
30.25 6.0 14.0
32.25 6.0 14.0
34.25 6.0 14.0
36.25 6.0 14.0
38.25 6.0 14.0
20.25 8.0 14.0
22.25 8.0 14.0
24.25 8.0 14.0
26.25 8.0 14.0
28.25 8.0 14.0
30.25 8.0 14.0
32.25 8.0 14.0
34.25 8.0 14.0
36.25 8.0 14.0
38.25 8.0 14.0
20.25 10.0 14.0
22.25 10.0 14.0
24.25 10.0 14.0
26.25 10.0 14.0
28.25 10.0 14.0
30.25 10.0 14.0
32.25 10.0 14.0
34.25 10.0 14.0
36.25 10.0 14.0
38.25 10.0 14.0
20.25 12.0 14.0
22.25 12.0 14.0
24.25 12.0 14.0
26.25 12.0 14.0
28.25 12.0 14.0
30.25 12.0 14.0
32.25 12.0 14.0
34.25 12.0 14.0
36.25 12.0 14.0
38.25 12.0 14.0
20.25 14.0 14.0
22.25 14.0 14.0
24.25 14.0 14.0
26.25 14.0 14.0
28.25 14.0 14.0
30.25 14.0 14.0
32.25 14.0 14.0
34.25 14.0 14.0
36.25 14.0 14.0
38.25 14.0 14.0
20.25 16.0 14.0
22.25 16.0 14.0
24.25 16.0 14.0
26.25 16.0 14.0
28.25 16.0 14.0
30.25 16.0 14.0
32.25 16.0 14.0
34.25 16.0 14.0
36.25 16.0 14.0
38.25 16.0 14.0
20.25 18.0 14.0
22.25 18.0 14.0
24.25 18.0 14.0
26.25 18.0 14.0
28.25 18.0 14.0
30.25 18.0 14.0
32.25 18.0 14.0
34.25 18.0 14.0
36.25 18.0 14.0
38.25 18.0 14.0
20.25 0.0 16.0
22.25 0.0 16.0
24.25 0.0 16.0
26.25 0.0 16.0
28.25 0.0 16.0
30.25 0.0 16.0
32.25 0.0 16.0
34.25 0.0 16.0
36.25 0.0 16.0
38.25 0.0 16.0
20.25 2.0 16.0
22.25 2.0 16.0
24.25 2.0 16.0
26.25 2.0 16.0
28.25 2.0 16.0
30.25 2.0 16.0
32.25 2.0 16.0
34.25 2.0 16.0
36.25 2.0 16.0
38.25 2.0 16.0
20.25 4.0 16.0
22.25 4.0 16.0
24.25 4.0 16.0
26.25 4.0 16.0
28.25 4.0 16.0
30.25 4.0 16.0
32.25 4.0 16.0
34.25 4.0 16.0
36.25 4.0 16.0
38.25 4.0 16.0
20.25 6.0 16.0
22.25 6.0 16.0
24.25 6.0 16.0
26.25 6.0 16.0
28.25 6.0 16.0
30.25 6.0 16.0
32.25 6.0 16.0
34.25 6.0 16.0
36.25 6.0 16.0
38.25 6.0 16.0
20.25 8.0 16.0
22.25 8.0 16.0
24.25 8.0 16.0
26.25 8.0 16.0
28.25 8.0 16.0
30.25 8.0 16.0
32.25 8.0 16.0
34.25 8.0 16.0
36.25 8.0 16.0
38.25 8.0 16.0
20.25 10.0 16.0
22.25 10.0 16.0
24.25 10.0 16.0
26.25 10.0 16.0
28.25 10.0 16.0
30.25 10.0 16.0
32.25 10.0 16.0
34.25 10.0 16.0
36.25 10.0 16.0
38.25 10.0 16.0
20.25 12.0 16.0
22.25 12.0 16.0
24.25 12.0 16.0
26.25 12.0 16.0
28.25 12.0 16.0
30.25 12.0 16.0
32.25 12.0 16.0
34.25 12.0 16.0
36.25 12.0 16.0
38.25 12.0 16.0
20.25 14.0 16.0
22.25 14.0 16.0
24.25 14.0 16.0
26.25 14.0 16.0
28.25 14.0 16.0
30.25 14.0 16.0
32.25 14.0 16.0
34.25 14.0 16.0
36.25 14.0 16.0
38.25 14.0 16.0
20.25 16.0 16.0
22.25 16.0 16.0
24.25 16.0 16.0
26.25 16.0 16.0
28.25 16.0 16.0
30.25 16.0 16.0
32.25 16.0 16.0
34.25 16.0 16.0
36.25 16.0 16.0
38.25 16.0 16.0
20.25 18.0 16.0
22.25 18.0 16.0
24.25 18.0 16.0
26.25 18.0 16.0
28.25 18.0 16.0
30.25 18.0 16.0
32.25 18.0 16.0
34.25 18.0 16.0
36.25 18.0 16.0
38.25 18.0 16.0
20.25 0.0 18.0
22.25 0.0 18.0
24.25 0.0 18.0
26.25 0.0 18.0
28.25 0.0 18.0
30.25 0.0 18.0
32.25 0.0 18.0
34.25 0.0 18.0
36.25 0.0 18.0
38.25 0.0 18.0
20.25 2.0 18.0
22.25 2.0 18.0
24.25 2.0 18.0
26.25 2.0 18.0
28.25 2.0 18.0
30.25 2.0 18.0
32.25 2.0 18.0
34.25 2.0 18.0
36.25 2.0 18.0
38.25 2.0 18.0
20.25 4.0 18.0
22.25 4.0 18.0
24.25 4.0 18.0
26.25 4.0 18.0
28.25 4.0 18.0
30.25 4.0 18.0
32.25 4.0 18.0
34.25 4.0 18.0
36.25 4.0 18.0
38.25 4.0 18.0
20.25 6.0 18.0
22.25 6.0 18.0
24.25 6.0 18.0
26.25 6.0 18.0
28.25 6.0 18.0
30.25 6.0 18.0
32.25 6.0 18.0
34.25 6.0 18.0
36.25 6.0 18.0
38.25 6.0 18.0
20.25 8.0 18.0
22.25 8.0 18.0
24.25 8.0 18.0
26.25 8.0 18.0
28.25 8.0 18.0
30.25 8.0 18.0
32.25 8.0 18.0
34.25 8.0 18.0
36.25 8.0 18.0
38.25 8.0 18.0
20.25 10.0 0.0
22.25 10.0 18.0
24.25 10.0 18.0
26.25 10.0 18.0
28.25 10.0 18.0
30.25 10.0 18.0
32.25 10.0 18.0
34.25 10.0 18.0
36.25 10.0 18.0
38.25 10.0 18.0
20.25 12.0 18.0
22.25 12.0 18.0
24.25 12.0 18.0
26.25 12.0 18.0
28.25 12.0 18.0
30.25 12.0 18.0
32.25 12.0 18.0
34.25 12.0 18.0
36.25 12.0 18.0
38.25 12.0 18.0
20.25 14.0 18.0
22.25 14.0 18.0
24.25 14.0 18.0
26.25 14.0 18.0
28.25 14.0 18.0
30.25 14.0 18.0
32.25 14.0 18.0
34.25 14.0 18.0
36.25 14.0 18.0
38.25 14.0 18.0
20.25 16.0 18.0
22.25 16.0 18.0
24.25 16.0 18.0
26.25 16.0 18.0
28.25 16.0 18.0
30.25 16.0 18.0
32.25 16.0 18.0
34.25 16.0 18.0
36.25 16.0 18.0
38.25 16.0 18.0
20.25 18.0 18.0
22.25 18.0 18.0
24.25 18.0 18.0
26.25 18.0 18.0
28.25 18.0 18.0
30.25 18.0 18.0
32.25 18.0 18.0
34.25 18.0 18.0
36.25 18.0 18.0
38.25 18.0 18.0



































































1000
-20.25 0.0 0.0
-22.25 0.0 0.0
-24.25 0.0 0.0
-26.25 0.0 0.0
-28.25 0.0 0.0
-30.25 0.0 0.0
-32.25 0.0 0.0
-34.25 0.0 0.0
-36.25 0.0 0.0
-38.25 0.0 0.0
-20.25 2.0 0.0
-22.25 2.0 0.0
-24.25 2.0 0.0
-26.25 2.0 0.0
-28.25 2.0 0.0
-30.25 2.0 0.0
-32.25 2.0 0.0
-34.25 2.0 0.0
-36.25 2.0 0.0
-38.25 2.0 0.0
-20.25 4.0 0.0
-22.25 4.0 0.0
-24.25 4.0 0.0
-26.25 4.0 0.0
-28.25 4.0 0.0
-30.25 4.0 0.0
-32.25 4.0 0.0
-34.25 4.0 0.0
-36.25 4.0 0.0
-38.25 4.0 0.0
-20.25 6.0 0.0
-22.25 6.0 0.0
-24.25 6.0 0.0
-26.25 6.0 0.0
-28.25 6.0 0.0
-30.25 6.0 0.0
-32.25 6.0 0.0
-34.25 6.0 0.0
-36.25 6.0 0.0
-38.25 6.0 0.0
-20.25 8.0 0.0
-22.25 8.0 0.0
-24.25 8.0 0.0
-26.25 8.0 0.0
-28.25 8.0 0.0
-30.25 8.0 0.0
-32.25 8.0 0.0
-34.25 8.0 0.0
-36.25 8.0 0.0
-38.25 8.0 0.0
-20.25 10.0 0.0
-22.25 10.0 0.0
-24.25 10.0 0.0
-26.25 10.0 0.0
-28.25 10.0 0.0
-30.25 10.0 0.0
-32.25 10.0 0.0
-34.25 10.0 0.0
-36.25 10.0 0.0
-38.25 10.0 0.0
-20.25 12.0 0.0
-22.25 12.0 0.0
-24.25 12.0 0.0
-26.25 12.0 0.0
-28.25 12.0 0.0
-30.25 12.0 0.0
-32.25 12.0 0.0
-34.25 12.0 0.0
-36.25 12.0 0.0
-38.25 12.0 0.0
-20.25 14.0 0.0
-22.25 14.0 0.0
-24.25 14.0 0.0
-26.25 14.0 0.0
-28.25 14.0 0.0
-30.25 14.0 0.0
-32.25 14.0 0.0
-34.25 14.0 0.0
-36.25 14.0 0.0
-38.25 14.0 0.0
-20.25 16.0 0.0
-22.25 16.0 0.0
-24.25 16.0 0.0
-26.25 16.0 0.0
-28.25 16.0 0.0
-30.25 16.0 0.0
-32.25 16.0 0.0
-34.25 16.0 0.0
-36.25 16.0 0.0
-38.25 16.0 0.0
-20.25 18.0 0.0
-22.25 18.0 0.0
-24.25 18.0 0.0
-26.25 18.0 0.0
-28.25 18.0 0.0
-30.25 18.0 0.0
-32.25 18.0 0.0
-34.25 18.0 0.0
-36.25 18.0 0.0
-38.25 18.0 0.0
-20.25 0.0 2.0
-22.25 0.0 2.0
-24.25 0.0 2.0
-26.25 0.0 2.0
-28.25 0.0 2.0
-30.25 0.0 2.0
-32.25 0.0 2.0
-34.25 0.0 2.0
-36.25 0.0 2.0
-38.25 0.0 2.0
-20.25 2.0 2.0
-22.25 2.0 2.0
-24.25 2.0 2.0
-26.25 2.0 2.0
-28.25 2.0 2.0
-30.25 2.0 2.0
-32.25 2.0 2.0
-34.25 2.0 2.0
-36.25 2.0 2.0
-38.25 2.0 2.0
-20.25 4.0 2.0
-22.25 4.0 2.0
-24.25 4.0 2.0
-26.25 4.0 2.0
-28.25 4.0 2.0
-30.25 4.0 2.0
-32.25 4.0 2.0
-34.25 4.0 2.0
-36.25 4.0 2.0
-38.25 4.0 2.0
-20.25 6.0 2.0
-22.25 6.0 2.0
-24.25 6.0 2.0
-26.25 6.0 2.0
-28.25 6.0 2.0
-30.25 6.0 2.0
-32.25 6.0 2.0
-34.25 6.0 2.0
-36.25 6.0 2.0
-38.25 6.0 2.0
-20.25 8.0 2.0
-22.25 8.0 2.0
-24.25 8.0 2.0
-26.25 8.0 2.0
-28.25 8.0 2.0
-30.25 8.0 2.0
-32.25 8.0 2.0
-34.25 8.0 2.0
-36.25 8.0 2.0
-38.25 8.0 2.0
-20.25 10.0 2.0
-22.25 10.0 2.0
-24.25 10.0 2.0
-26.25 10.0 2.0
-28.25 10.0 2.0
-30.25 10.0 2.0
-32.25 10.0 2.0
-34.25 10.0 2.0
-36.25 10.0 2.0
-38.25 10.0 2.0
-20.25 12.0 2.0
-22.25 12.0 2.0
-24.25 12.0 2.0
-26.25 12.0 2.0
-28.25 12.0 2.0
-30.25 12.0 2.0
-32.25 12.0 2.0
-34.25 12.0 2.0
-36.25 12.0 2.0
-38.25 12.0 2.0
-20.25 14.0 2.0
-22.25 14.0 2.0
-24.25 14.0 2.0
-26.25 14.0 2.0
-28.25 14.0 2.0
-30.25 14.0 2.0
-32.25 14.0 2.0
-34.25 14.0 2.0
-36.25 14.0 2.0
-38.25 14.0 2.0
-20.25 16.0 2.0
-22.25 16.0 2.0
-24.25 16.0 2.0
-26.25 16.0 2.0
-28.25 16.0 2.0
-30.25 16.0 2.0
-32.25 16.0 2.0
-34.25 16.0 2.0
-36.25 16.0 2.0
-38.25 16.0 2.0
-20.25 18.0 2.0
-22.25 18.0 2.0
-24.25 18.0 2.0
-26.25 18.0 2.0
-28.25 18.0 2.0
-30.25 18.0 2.0
-32.25 18.0 2.0
-34.25 18.0 2.0
-36.25 18.0 2.0
-38.25 18.0 2.0
-20.25 0.0 4.0
-22.25 0.0 4.0
-24.25 0.0 4.0
-26.25 0.0 4.0
-28.25 0.0 4.0
-30.25 0.0 4.0
-32.25 0.0 4.0
-34.25 0.0 4.0
-36.25 0.0 4.0
-38.25 0.0 4.0
-20.25 2.0 4.0
-22.25 2.0 4.0
-24.25 2.0 4.0
-26.25 2.0 4.0
-28.25 2.0 4.0
-30.25 2.0 4.0
-32.25 2.0 4.0
-34.25 2.0 4.0
-36.25 2.0 4.0
-38.25 2.0 4.0
-20.25 4.0 4.0
-22.25 4.0 4.0
-24.25 4.0 4.0
-26.25 4.0 4.0
-28.25 4.0 4.0
-30.25 4.0 4.0
-32.25 4.0 4.0
-34.25 4.0 4.0
-36.25 4.0 4.0
-38.25 4.0 4.0
-20.25 6.0 4.0
-22.25 6.0 4.0
-24.25 6.0 4.0
-26.25 6.0 4.0
-28.25 6.0 4.0
-30.25 6.0 4.0
-32.25 6.0 4.0
-34.25 6.0 4.0
-36.25 6.0 4.0
-38.25 6.0 4.0
-20.25 8.0 4.0
-22.25 8.0 4.0
-24.25 8.0 4.0
-26.25 8.0 4.0
-28.25 8.0 4.0
-30.25 8.0 4.0
-32.25 8.0 4.0
-34.25 8.0 4.0
-36.25 8.0 4.0
-38.25 8.0 4.0
-20.25 10.0 4.0
-22.25 10.0 4.0
-24.25 10.0 4.0
-26.25 10.0 4.0
-28.25 10.0 4.0
-30.25 10.0 4.0
-32.25 10.0 4.0
-34.25 10.0 4.0
-36.25 10.0 4.0
-38.25 10.0 4.0
-20.25 12.0 4.0
-22.25 12.0 4.0
-24.25 12.0 4.0
-26.25 12.0 4.0
-28.25 12.0 4.0
-30.25 12.0 4.0
-32.25 12.0 4.0
-34.25 12.0 4.0
-36.25 12.0 4.0
-38.25 12.0 4.0
-20.25 14.0 4.0
-22.25 14.0 4.0
-24.25 14.0 4.0
-26.25 14.0 4.0
-28.25 14.0 4.0
-30.25 14.0 4.0
-32.25 14.0 4.0
-34.25 14.0 4.0
-36.25 14.0 4.0
-38.25 14.0 4.0
-20.25 16.0 4.0
-22.25 16.0 4.0
-24.25 16.0 4.0
-26.25 16.0 4.0
-28.25 16.0 4.0
-30.25 16.0 4.0
-32.25 16.0 4.0
-34.25 16.0 4.0
-36.25 16.0 4.0
-38.25 16.0 4.0
-20.25 18.0 4.0
-22.25 18.0 4.0
-24.25 18.0 4.0
-26.25 18.0 4.0
-28.25 18.0 4.0
-30.25 18.0 4.0
-32.25 18.0 4.0
-34.25 18.0 4.0
-36.25 18.0 4.0
-38.25 18.0 4.0
-20.25 0.0 6.0
-22.25 0.0 6.0
-24.25 0.0 6.0
-26.25 0.0 6.0
-28.25 0.0 6.0
-30.25 0.0 6.0
-32.25 0.0 6.0
-34.25 0.0 6.0
-36.25 0.0 6.0
-38.25 0.0 6.0
-20.25 2.0 6.0
-22.25 2.0 6.0
-24.25 2.0 6.0
-26.25 2.0 6.0
-28.25 2.0 6.0
-30.25 2.0 6.0
-32.25 2.0 6.0
-34.25 2.0 6.0
-36.25 2.0 6.0
-38.25 2.0 6.0
-20.25 4.0 6.0
-22.25 4.0 6.0
-24.25 4.0 6.0
-26.25 4.0 6.0
-28.25 4.0 6.0
-30.25 4.0 6.0
-32.25 4.0 6.0
-34.25 4.0 6.0
-36.25 4.0 6.0
-38.25 4.0 6.0
-20.25 6.0 6.0
-22.25 6.0 6.0
-24.25 6.0 6.0
-26.25 6.0 6.0
-28.25 6.0 6.0
-30.25 6.0 6.0
-32.25 6.0 6.0
-34.25 6.0 6.0
-36.25 6.0 6.0
-38.25 6.0 6.0
-20.25 8.0 6.0
-22.25 8.0 6.0
-24.25 8.0 6.0
-26.25 8.0 6.0
-28.25 8.0 6.0
-30.25 8.0 6.0
-32.25 8.0 6.0
-34.25 8.0 6.0
-36.25 8.0 6.0
-38.25 8.0 6.0
-20.25 10.0 6.0
-22.25 10.0 6.0
-24.25 10.0 6.0
-26.25 10.0 6.0
-28.25 10.0 6.0
-30.25 10.0 6.0
-32.25 10.0 6.0
-34.25 10.0 6.0
-36.25 10.0 6.0
-38.25 10.0 6.0
-20.25 12.0 6.0
-22.25 12.0 6.0
-24.25 12.0 6.0
-26.25 12.0 6.0
-28.25 12.0 6.0
-30.25 12.0 6.0
-32.25 12.0 6.0
-34.25 12.0 6.0
-36.25 12.0 6.0
-38.25 12.0 6.0
-20.25 14.0 6.0
-22.25 14.0 6.0
-24.25 14.0 6.0
-26.25 14.0 6.0
-28.25 14.0 6.0
-30.25 14.0 6.0
-32.25 14.0 6.0
-34.25 14.0 6.0
-36.25 14.0 6.0
-38.25 14.0 6.0
-20.25 16.0 6.0
-22.25 16.0 6.0
-24.25 16.0 6.0
-26.25 16.0 6.0
-28.25 16.0 6.0
-30.25 16.0 6.0
-32.25 16.0 6.0
-34.25 16.0 6.0
-36.25 16.0 6.0
-38.25 16.0 6.0
-20.25 18.0 6.0
-22.25 18.0 6.0
-24.25 18.0 6.0
-26.25 18.0 6.0
-28.25 18.0 6.0
-30.25 18.0 6.0
-32.25 18.0 6.0
-34.25 18.0 6.0
-36.25 18.0 6.0
-38.25 18.0 6.0
-20.25 0.0 8.0
-22.25 0.0 8.0
-24.25 0.0 8.0
-26.25 0.0 8.0
-28.25 0.0 8.0
-30.25 0.0 8.0
-32.25 0.0 8.0
-34.25 0.0 8.0
-36.25 0.0 8.0
-38.25 0.0 8.0
-20.25 2.0 8.0
-22.25 2.0 8.0
-24.25 2.0 8.0
-26.25 2.0 8.0
-28.25 2.0 8.0
-30.25 2.0 8.0
-32.25 2.0 8.0
-34.25 2.0 8.0
-36.25 2.0 8.0
-38.25 2.0 8.0
-20.25 4.0 8.0
-22.25 4.0 8.0
-24.25 4.0 8.0
-26.25 4.0 8.0
-28.25 4.0 8.0
-30.25 4.0 8.0
-32.25 4.0 8.0
-34.25 4.0 8.0
-36.25 4.0 8.0
-38.25 4.0 8.0
-20.25 6.0 8.0
-22.25 6.0 8.0
-24.25 6.0 8.0
-26.25 6.0 8.0
-28.25 6.0 8.0
-30.25 6.0 8.0
-32.25 6.0 8.0
-34.25 6.0 8.0
-36.25 6.0 8.0
-38.25 6.0 8.0
-20.25 8.0 8.0
-22.25 8.0 8.0
-24.25 8.0 8.0
-26.25 8.0 8.0
-28.25 8.0 8.0
-30.25 8.0 8.0
-32.25 8.0 8.0
-34.25 8.0 8.0
-36.25 8.0 8.0
-38.25 8.0 8.0
-20.25 10.0 8.0
-22.25 10.0 8.0
-24.25 10.0 8.0
-26.25 10.0 8.0
-28.25 10.0 8.0
-30.25 10.0 8.0
-32.25 10.0 8.0
-34.25 10.0 8.0
-36.25 10.0 8.0
-38.25 10.0 8.0
-20.25 12.0 8.0
-22.25 12.0 8.0
-24.25 12.0 8.0
-26.25 12.0 8.0
-28.25 12.0 8.0
-30.25 12.0 8.0
-32.25 12.0 8.0
-34.25 12.0 8.0
-36.25 12.0 8.0
-38.25 12.0 8.0
-20.25 14.0 8.0
-22.25 14.0 8.0
-24.25 14.0 8.0
-26.25 14.0 8.0
-28.25 14.0 8.0
-30.25 14.0 8.0
-32.25 14.0 8.0
-34.25 14.0 8.0
-36.25 14.0 8.0
-38.25 14.0 8.0
-20.25 16.0 8.0
-22.25 16.0 8.0
-24.25 16.0 8.0
-26.25 16.0 8.0
-28.25 16.0 8.0
-30.25 16.0 8.0
-32.25 16.0 8.0
-34.25 16.0 8.0
-36.25 16.0 8.0
-38.25 16.0 8.0
-20.25 18.0 8.0
-22.25 18.0 8.0
-24.25 18.0 8.0
-26.25 18.0 8.0
-28.25 18.0 8.0
-30.25 18.0 8.0
-32.25 18.0 8.0
-34.25 18.0 8.0
-36.25 18.0 8.0
-38.25 18.0 8.0
-20.25 0.0 10.0
-22.25 0.0 10.0
-24.25 0.0 10.0
-26.25 0.0 10.0
-28.25 0.0 10.0
-30.25 0.0 10.0
-32.25 0.0 10.0
-34.25 0.0 10.0
-36.25 0.0 10.0
-38.25 0.0 10.0
-20.25 2.0 10.0
-22.25 2.0 10.0
-24.25 2.0 10.0
-26.25 2.0 10.0
-28.25 2.0 10.0
-30.25 2.0 10.0
-32.25 2.0 10.0
-34.25 2.0 10.0
-36.25 2.0 10.0
-38.25 2.0 10.0
-20.25 4.0 10.0
-22.25 4.0 10.0
-24.25 4.0 10.0
-26.25 4.0 10.0
-28.25 4.0 10.0
-30.25 4.0 10.0
-32.25 4.0 10.0
-34.25 4.0 10.0
-36.25 4.0 10.0
-38.25 4.0 10.0
-20.25 6.0 10.0
-22.25 6.0 10.0
-24.25 6.0 10.0
-26.25 6.0 10.0
-28.25 6.0 10.0
-30.25 6.0 10.0
-32.25 6.0 10.0
-34.25 6.0 10.0
-36.25 6.0 10.0
-38.25 6.0 10.0
-20.25 8.0 10.0
-22.25 8.0 10.0
-24.25 8.0 10.0
-26.25 8.0 10.0
-28.25 8.0 10.0
-30.25 8.0 10.0
-32.25 8.0 10.0
-34.25 8.0 10.0
-36.25 8.0 10.0
-38.25 8.0 10.0
-20.25 10.0 10.0
-22.25 10.0 10.0
-24.25 10.0 10.0
-26.25 10.0 10.0
-28.25 10.0 10.0
-30.25 10.0 10.0
-32.25 10.0 10.0
-34.25 10.0 10.0
-36.25 10.0 10.0
-38.25 10.0 10.0
-20.25 12.0 10.0
-22.25 12.0 10.0
-24.25 12.0 10.0
-26.25 12.0 10.0
-28.25 12.0 10.0
-30.25 12.0 10.0
-32.25 12.0 10.0
-34.25 12.0 10.0
-36.25 12.0 10.0
-38.25 12.0 10.0
-20.25 14.0 10.0
-22.25 14.0 10.0
-24.25 14.0 10.0
-26.25 14.0 10.0
-28.25 14.0 10.0
-30.25 14.0 10.0
-32.25 14.0 10.0
-34.25 14.0 10.0
-36.25 14.0 10.0
-38.25 14.0 10.0
-20.25 16.0 10.0
-22.25 16.0 10.0
-24.25 16.0 10.0
-26.25 16.0 10.0
-28.25 16.0 10.0
-30.25 16.0 10.0
-32.25 16.0 10.0
-34.25 16.0 10.0
-36.25 16.0 10.0
-38.25 16.0 10.0
-20.25 18.0 10.0
-22.25 18.0 10.0
-24.25 18.0 10.0
-26.25 18.0 10.0
-28.25 18.0 10.0
-30.25 18.0 10.0
-32.25 18.0 10.0
-34.25 18.0 10.0
-36.25 18.0 10.0
-38.25 18.0 10.0
-20.25 0.0 12.0
-22.25 0.0 12.0
-24.25 0.0 12.0
-26.25 0.0 12.0
-28.25 0.0 12.0
-30.25 0.0 12.0
-32.25 0.0 12.0
-34.25 0.0 12.0
-36.25 0.0 12.0
-38.25 0.0 12.0
-20.25 2.0 12.0
-22.25 2.0 12.0
-24.25 2.0 12.0
-26.25 2.0 12.0
-28.25 2.0 12.0
-30.25 2.0 12.0
-32.25 2.0 12.0
-34.25 2.0 12.0
-36.25 2.0 12.0
-38.25 2.0 12.0
-20.25 4.0 12.0
-22.25 4.0 12.0
-24.25 4.0 12.0
-26.25 4.0 12.0
-28.25 4.0 12.0
-30.25 4.0 12.0
-32.25 4.0 12.0
-34.25 4.0 12.0
-36.25 4.0 12.0
-38.25 4.0 12.0
-20.25 6.0 12.0
-22.25 6.0 12.0
-24.25 6.0 12.0
-26.25 6.0 12.0
-28.25 6.0 12.0
-30.25 6.0 12.0
-32.25 6.0 12.0
-34.25 6.0 12.0
-36.25 6.0 12.0
-38.25 6.0 12.0
-20.25 8.0 12.0
-22.25 8.0 12.0
-24.25 8.0 12.0
-26.25 8.0 12.0
-28.25 8.0 12.0
-30.25 8.0 12.0
-32.25 8.0 12.0
-34.25 8.0 12.0
-36.25 8.0 12.0
-38.25 8.0 12.0
-20.25 10.0 12.0
-22.25 10.0 12.0
-24.25 10.0 12.0
-26.25 10.0 12.0
-28.25 10.0 12.0
-30.25 10.0 12.0
-32.25 10.0 12.0
-34.25 10.0 12.0
-36.25 10.0 12.0
-38.25 10.0 12.0
-20.25 12.0 12.0
-22.25 12.0 12.0
-24.25 12.0 12.0
-26.25 12.0 12.0
-28.25 12.0 12.0
-30.25 12.0 12.0
-32.25 12.0 12.0
-34.25 12.0 12.0
-36.25 12.0 12.0
-38.25 12.0 12.0
-20.25 14.0 12.0
-22.25 14.0 12.0
-24.25 14.0 12.0
-26.25 14.0 12.0
-28.25 14.0 12.0
-30.25 14.0 12.0
-32.25 14.0 12.0
-34.25 14.0 12.0
-36.25 14.0 12.0
-38.25 14.0 12.0
-20.25 16.0 12.0
-22.25 16.0 12.0
-24.25 16.0 12.0
-26.25 16.0 12.0
-28.25 16.0 12.0
-30.25 16.0 12.0
-32.25 16.0 12.0
-34.25 16.0 12.0
-36.25 16.0 12.0
-38.25 16.0 12.0
-20.25 18.0 12.0
-22.25 18.0 12.0
-24.25 18.0 12.0
-26.25 18.0 12.0
-28.25 18.0 12.0
-30.25 18.0 12.0
-32.25 18.0 12.0
-34.25 18.0 12.0
-36.25 18.0 12.0
-38.25 18.0 12.0
-20.25 0.0 14.0
-22.25 0.0 14.0
-24.25 0.0 14.0
-26.25 0.0 14.0
-28.25 0.0 14.0
-30.25 0.0 14.0
-32.25 0.0 14.0
-34.25 0.0 14.0
-36.25 0.0 14.0
-38.25 0.0 14.0
-20.25 2.0 14.0
-22.25 2.0 14.0
-24.25 2.0 14.0
-26.25 2.0 14.0
-28.25 2.0 14.0
-30.25 2.0 14.0
-32.25 2.0 14.0
-34.25 2.0 14.0
-36.25 2.0 14.0
-38.25 2.0 14.0
-20.25 4.0 14.0
-22.25 4.0 14.0
-24.25 4.0 14.0
-26.25 4.0 14.0
-28.25 4.0 14.0
-30.25 4.0 14.0
-32.25 4.0 14.0
-34.25 4.0 14.0
-36.25 4.0 14.0
-38.25 4.0 14.0
-20.25 6.0 14.0
-22.25 6.0 14.0
-24.25 6.0 14.0
-26.25 6.0 14.0
-28.25 6.0 14.0
-30.25 6.0 14.0
-32.25 6.0 14.0
-34.25 6.0 14.0
-36.25 6.0 14.0
-38.25 6.0 14.0
-20.25 8.0 14.0
-22.25 8.0 14.0
-24.25 8.0 14.0
-26.25 8.0 14.0
-28.25 8.0 14.0
-30.25 8.0 14.0
-32.25 8.0 14.0
-34.25 8.0 14.0
-36.25 8.0 14.0
-38.25 8.0 14.0
-20.25 10.0 14.0
-22.25 10.0 14.0
-24.25 10.0 14.0
-26.25 10.0 14.0
-28.25 10.0 14.0
-30.25 10.0 14.0
-32.25 10.0 14.0
-34.25 10.0 14.0
-36.25 10.0 14.0
-38.25 10.0 14.0
-20.25 12.0 14.0
-22.25 12.0 14.0
-24.25 12.0 14.0
-26.25 12.0 14.0
-28.25 12.0 14.0
-30.25 12.0 14.0
-32.25 12.0 14.0
-34.25 12.0 14.0
-36.25 12.0 14.0
-38.25 12.0 14.0
-20.25 14.0 14.0
-22.25 14.0 14.0
-24.25 14.0 14.0
-26.25 14.0 14.0
-28.25 14.0 14.0
-30.25 14.0 14.0
-32.25 14.0 14.0
-34.25 14.0 14.0
-36.25 14.0 14.0
-38.25 14.0 14.0
-20.25 16.0 14.0
-22.25 16.0 14.0
-24.25 16.0 14.0
-26.25 16.0 14.0
-28.25 16.0 14.0
-30.25 16.0 14.0
-32.25 16.0 14.0
-34.25 16.0 14.0
-36.25 16.0 14.0
-38.25 16.0 14.0
-20.25 18.0 14.0
-22.25 18.0 14.0
-24.25 18.0 14.0
-26.25 18.0 14.0
-28.25 18.0 14.0
-30.25 18.0 14.0
-32.25 18.0 14.0
-34.25 18.0 14.0
-36.25 18.0 14.0
-38.25 18.0 14.0
-20.25 0.0 16.0
-22.25 0.0 16.0
-24.25 0.0 16.0
-26.25 0.0 16.0
-28.25 0.0 16.0
-30.25 0.0 16.0
-32.25 0.0 16.0
-34.25 0.0 16.0
-36.25 0.0 16.0
-38.25 0.0 16.0
-20.25 2.0 16.0
-22.25 2.0 16.0
-24.25 2.0 16.0
-26.25 2.0 16.0
-28.25 2.0 16.0
-30.25 2.0 16.0
-32.25 2.0 16.0
-34.25 2.0 16.0
-36.25 2.0 16.0
-38.25 2.0 16.0
-20.25 4.0 16.0
-22.25 4.0 16.0
-24.25 4.0 16.0
-26.25 4.0 16.0
-28.25 4.0 16.0
-30.25 4.0 16.0
-32.25 4.0 16.0
-34.25 4.0 16.0
-36.25 4.0 16.0
-38.25 4.0 16.0
-20.25 6.0 16.0
-22.25 6.0 16.0
-24.25 6.0 16.0
-26.25 6.0 16.0
-28.25 6.0 16.0
-30.25 6.0 16.0
-32.25 6.0 16.0
-34.25 6.0 16.0
-36.25 6.0 16.0
-38.25 6.0 16.0
-20.25 8.0 16.0
-22.25 8.0 16.0
-24.25 8.0 16.0
-26.25 8.0 16.0
-28.25 8.0 16.0
-30.25 8.0 16.0
-32.25 8.0 16.0
-34.25 8.0 16.0
-36.25 8.0 16.0
-38.25 8.0 16.0
-20.25 10.0 16.0
-22.25 10.0 16.0
-24.25 10.0 16.0
-26.25 10.0 16.0
-28.25 10.0 16.0
-30.25 10.0 16.0
-32.25 10.0 16.0
-34.25 10.0 16.0
-36.25 10.0 16.0
-38.25 10.0 16.0
-20.25 12.0 16.0
-22.25 12.0 16.0
-24.25 12.0 16.0
-26.25 12.0 16.0
-28.25 12.0 16.0
-30.25 12.0 16.0
-32.25 12.0 16.0
-34.25 12.0 16.0
-36.25 12.0 16.0
-38.25 12.0 16.0
-20.25 14.0 16.0
-22.25 14.0 16.0
-24.25 14.0 16.0
-26.25 14.0 16.0
-28.25 14.0 16.0
-30.25 14.0 16.0
-32.25 14.0 16.0
-34.25 14.0 16.0
-36.25 14.0 16.0
-38.25 14.0 16.0
-20.25 16.0 16.0
-22.25 16.0 16.0
-24.25 16.0 16.0
-26.25 16.0 16.0
-28.25 16.0 16.0
-30.25 16.0 16.0
-32.25 16.0 16.0
-34.25 16.0 16.0
-36.25 16.0 16.0
-38.25 16.0 16.0
-20.25 18.0 16.0
-22.25 18.0 16.0
-24.25 18.0 16.0
-26.25 18.0 16.0
-28.25 18.0 16.0
-30.25 18.0 16.0
-32.25 18.0 16.0
-34.25 18.0 16.0
-36.25 18.0 16.0
-38.25 18.0 16.0
-20.25 0.0 18.0
-22.25 0.0 18.0
-24.25 0.0 18.0
-26.25 0.0 18.0
-28.25 0.0 18.0
-30.25 0.0 18.0
-32.25 0.0 18.0
-34.25 0.0 18.0
-36.25 0.0 18.0
-38.25 0.0 18.0
-20.25 2.0 18.0
-22.25 2.0 18.0
-24.25 2.0 18.0
-26.25 2.0 18.0
-28.25 2.0 18.0
-30.25 2.0 18.0
-32.25 2.0 18.0
-34.25 2.0 18.0
-36.25 2.0 18.0
-38.25 2.0 18.0
-20.25 4.0 18.0
-22.25 4.0 18.0
-24.25 4.0 18.0
-26.25 4.0 18.0
-28.25 4.0 18.0
-30.25 4.0 18.0
-32.25 4.0 18.0
-34.25 4.0 18.0
-36.25 4.0 18.0
-38.25 4.0 18.0
-20.25 6.0 18.0
-22.25 6.0 18.0
-24.25 6.0 18.0
-26.25 6.0 18.0
-28.25 6.0 18.0
-30.25 6.0 18.0
-32.25 6.0 18.0
-34.25 6.0 18.0
-36.25 6.0 18.0
-38.25 6.0 18.0
-20.25 8.0 18.0
-22.25 8.0 18.0
-24.25 8.0 18.0
-26.25 8.0 18.0
-28.25 8.0 18.0
-30.25 8.0 18.0
-32.25 8.0 18.0
-34.25 8.0 18.0
-36.25 8.0 18.0
-38.25 8.0 18.0
-20.25 10.0 0.0
-22.25 10.0 18.0
-24.25 10.0 18.0
-26.25 10.0 18.0
-28.25 10.0 18.0
-30.25 10.0 18.0
-32.25 10.0 18.0
-34.25 10.0 18.0
-36.25 10.0 18.0
-38.25 10.0 18.0
-20.25 12.0 18.0
-22.25 12.0 18.0
-24.25 12.0 18.0
-26.25 12.0 18.0
-28.25 12.0 18.0
-30.25 12.0 18.0
-32.25 12.0 18.0
-34.25 12.0 18.0
-36.25 12.0 18.0
-38.25 12.0 18.0
-20.25 14.0 18.0
-22.25 14.0 18.0
-24.25 14.0 18.0
-26.25 14.0 18.0
-28.25 14.0 18.0
-30.25 14.0 18.0
-32.25 14.0 18.0
-34.25 14.0 18.0
-36.25 14.0 18.0
-38.25 14.0 18.0
-20.25 16.0 18.0
-22.25 16.0 18.0
-24.25 16.0 18.0
-26.25 16.0 18.0
-28.25 16.0 18.0
-30.25 16.0 18.0
-32.25 16.0 18.0
-34.25 16.0 18.0
-36.25 16.0 18.0
-38.25 16.0 18.0
-20.25 18.0 18.0
-22.25 18.0 18.0
-24.25 18.0 18.0
-26.25 18.0 18.0
-28.25 18.0 18.0
-30.25 18.0 18.0
-32.25 18.0 18.0
-34.25 18.0 18.0
-36.25 18.0 18.0
-38.25 18.0 18.0









































5
20.25 0.0 0.0
22.25 0.0 0.0
24.25 0.0 0.0
26.25 0.0 0.0
28.25 0.0 0.0
20.25 2.0 0.0
22.25 2.0 0.0
24.25 2.0 0.0
26.25 2.0 0.0
28.25 2.0 0.0
20.25 4.0 0.0
22.25 4.0 0.0
24.25 4.0 0.0
26.25 4.0 0.0
28.25 4.0 0.0
20.25 6.0 0.0
22.25 6.0 0.0
24.25 6.0 0.0
26.25 6.0 0.0
28.25 6.0 0.0
20.25 8.0 0.0
22.25 8.0 0.0
24.25 8.0 0.0
26.25 8.0 0.0
28.25 8.0 0.0
20.25 0.0 2.0
22.25 0.0 2.0
24.25 0.0 2.0
26.25 0.0 2.0
28.25 0.0 2.0
20.25 2.0 2.0
22.25 2.0 2.0
24.25 2.0 2.0
26.25 2.0 2.0
28.25 2.0 2.0
20.25 4.0 2.0
22.25 4.0 2.0
24.25 4.0 2.0
26.25 4.0 2.0
28.25 4.0 2.0
20.25 6.0 2.0
22.25 6.0 2.0
24.25 6.0 2.0
26.25 6.0 2.0
28.25 6.0 2.0
20.25 8.0 2.0
22.25 8.0 2.0
24.25 8.0 2.0
26.25 8.0 2.0
28.25 8.0 2.0



















5
120.25 0.0 0.0
122.25 0.0 0.0
124.25 0.0 0.0
126.25 0.0 0.0
128.25 0.0 0.0
120.25 2.0 0.0
122.25 2.0 0.0
124.25 2.0 0.0
126.25 2.0 0.0
128.25 2.0 0.0
120.25 4.0 0.0
122.25 4.0 0.0
124.25 4.0 0.0
126.25 4.0 0.0
128.25 4.0 0.0
120.25 6.0 0.0
122.25 6.0 0.0
124.25 6.0 0.0
126.25 6.0 0.0
128.25 6.0 0.0
120.25 8.0 0.0
122.25 8.0 0.0
124.25 8.0 0.0
126.25 8.0 0.0
128.25 8.0 0.0
120.25 0.0 2.0
122.25 0.0 2.0
124.25 0.0 2.0
126.25 0.0 2.0
128.25 0.0 2.0
120.25 2.0 2.0
122.25 2.0 2.0
124.25 2.0 2.0
126.25 2.0 2.0
128.25 2.0 2.0
120.25 4.0 2.0
122.25 4.0 2.0
124.25 4.0 2.0
126.25 4.0 2.0
128.25 4.0 2.0
120.25 6.0 2.0
122.25 6.0 2.0
124.25 6.0 2.0
126.25 6.0 2.0
128.25 6.0 2.0
120.25 8.0 2.0
122.25 8.0 2.0
124.25 8.0 2.0
126.25 8.0 2.0
128.25 8.0 2.0

